3 	-5 	0 	1 	 
3 	 
max index: 1 
-5 	 
min index: 2 
mean: -0.25 
sd: 3.403 
a: -5 
b: 3 
-0.25 	 
11.5833 	 
8.6875 	 
3.4034 	 
2.9475 	 
-5 	0 	1 	3 	 
3 	1 	0 	-5 	 
0.5 	 
-5 	 
3 	 
-3.5 	0.1 	0.9 	2.4 	 
-5 	-3.5 	3 	0.62 	2 	3 	-0.7 	-4.1 	 
3.25 	-2 	0 	10.1 	 
10.1 	 
max index: 4 
-2 	 
min index: 2 
mean: 2.837 
sd: 5.303 
a: -2.0 
b: 10.1 
2.8375 	 
28.1223 	 
21.0917 	 
5.303 	 
4.5926 	 
-2 	0 	3.25 	10.1 	 
10.1 	3.25 	0 	-2 	 
1.625 	 
-2 	 
10.1 	 
-1.4 	0.325 	2.925 	8.045 	 
-2 	-1.4 	10.1 	2.015 	6.675 	10.1 	-0.28 	-1.64 	 
3.25  	-2  	0  	1 -1i 	 
3.25  	 
max index: 1 
0  	 
min index: 3 
mean: 0.562 + -0.25i 
sd: 2.24 + 0.0i 
a: 0.0 + 0.0i 
b: 3.25 + 0.0i 
0.5625 -0.25i 	 
5.0156  	 
3.7617  	 
2.2396  	 
1.9395  	 
0  	1 -1i 	-2  	3.25  	 
3.25  	-2  	1 -1i 	0  	 
-0.5 -0.5i 	 
0  	 
3.25  	 
3 	 
-5 	 
0 	 
1 	 
3 	 
max index: 1 
-5 	 
min index: 2 
mean: -0.25 
sd: 3.403 
a: -5 
b: 3 
-0.25 	 
11.5833 	 
8.6875 	 
3.4034 	 
2.9475 	 
-5 	 
0 	 
1 	 
3 	 
3 	 
1 	 
0 	 
-5 	 
0.5 	 
-5 	 
3 	 
-3.5 	0.1 	0.9 	2.4 	 
-5 	-3.5 	3 	0.62 	2 	3 	-0.7 	-4.1 	 
3.25 	 
-2 	 
0 	 
10.1 	 
10.1 	 
max index: 4 
-2 	 
min index: 2 
mean: 2.837 
sd: 5.303 
a: -2.0 
b: 10.1 
2.8375 	 
28.1223 	 
21.0917 	 
5.303 	 
4.5926 	 
-2 	 
0 	 
3.25 	 
10.1 	 
10.1 	 
3.25 	 
0 	 
-2 	 
1.625 	 
-2 	 
10.1 	 
-1.4 	0.325 	2.925 	8.045 	 
-2 	-1.4 	10.1 	2.015 	6.675 	10.1 	-0.28 	-1.64 	 
3.25  	 
-2  	 
0  	 
1 -1i 	 
3.25  	 
max index: 1 
0  	 
min index: 3 
mean: 0.562 + -0.25i 
sd: 2.24 + 0.0i 
a: 0.0 + 0.0i 
b: 3.25 + 0.0i 
0.5625 -0.25i 	 
5.0156  	 
3.7617  	 
2.2396  	 
1.9395  	 
0  	 
1 -1i 	 
-2  	 
3.25  	 
3.25  	 
-2  	 
1 -1i 	 
0  	 
-0.5 -0.5i 	 
0  	 
3.25  	 
3 	-2 	0 	 
1 	5 	10 	 
2 	1.5 	5 	 
2 	24.5 	50 	 
1 	12.25 	25 	 
1.4142 	4.9497 	7.0711 	 
1 	3.5 	5 	 
1 	-2 	0 	 
3 	5 	10 	 
3 	5 	10 	 
1 	-2 	0 	 
2 	1.5 	5 	 
1 	-2 	0 	 
3 	5 	10 	 
1 	-2 	0 	 
1.6 	0.1 	3 	 
2.4 	2.9 	7 	 
3 	5 	10 	 
1 	-2 	0 	 
1 	-2 	0 	 
3 	5 	10 	 
2.12 	1.92 	5.6 	 
3 	5 	10 	 
3 	5 	10 	 
1.36 	-0.74 	1.8 	 
1 	-2 	0 	 
3.25 	-2 	0 	 
1 	5 	10 	 
2.125 	1.5 	5 	 
2.5312 	24.5 	50 	 
1.2656 	12.25 	25 	 
1.591 	4.9497 	7.0711 	 
1.125 	3.5 	5 	 
1 	-2 	0 	 
3.25 	5 	10 	 
3.25 	5 	10 	 
1 	-2 	0 	 
2.125 	1.5 	5 	 
1 	-2 	0 	 
3.25 	5 	10 	 
1 	-2 	0 	 
1.675 	0.1 	3 	 
2.575 	2.9 	7 	 
3.25 	5 	10 	 
1 	-2 	0 	 
1 	-2 	0 	 
3.25 	5 	10 	 
2.26 	1.92 	5.6 	 
3.25 	5 	10 	 
3.25 	5 	10 	 
1.405 	-0.74 	1.8 	 
1 	-2 	0 	 
3.25  	-2  	0  	 
1  	5 -1i 	10  	 
2.125  	1.5 -0.5i 	5  	 
2.5312  	25  	50  	 
1.2656  	12.5  	25  	 
1.591  	5  	7.0711  	 
1.125  	3.5355  	5  	 
1  	-2  	0  	 
3.25  	5 -1i 	10  	 
3.25  	5 -1i 	10  	 
1  	-2  	0  	 
2.125  	1.5 -0.5i 	5  	 
1  	-2  	0  	 
3.25  	5 -1i 	10  	 
3 	-2 	 
0 	1 	 
5 	10 	 
2.6667 	3 	 
6.3333 	39 	 
4.2222 	26 	 
2.5166 	6.245 	 
2.0548 	5.099 	 
0 	-2 	 
3 	1 	 
5 	10 	 
5 	10 	 
3 	1 	 
0 	-2 	 
3 	1 	 
0 	-2 	 
5 	10 	 
0.3 	-1.7 	 
2.1 	0.1 	 
3.6 	3.7 	 
4.8 	9.1 	 
0 	-2 	 
0.3 	-1.7 	 
5 	10 	 
3.18 	1.81 	 
4.5 	7.75 	 
5 	10 	 
1.56 	-0.44 	 
0.03 	-1.97 	 
3.25 	-2 	 
0 	1 	 
5 	10 	 
2.75 	3 	 
6.4375 	39 	 
4.2917 	26 	 
2.5372 	6.245 	 
2.0716 	5.099 	 
0 	-2 	 
3.25 	1 	 
5 	10 	 
5 	10 	 
3.25 	1 	 
0 	-2 	 
3.25 	1 	 
0 	-2 	 
5 	10 	 
0.325 	-1.7 	 
2.275 	0.1 	 
3.775 	3.7 	 
4.825 	9.1 	 
0 	-2 	 
0.325 	-1.7 	 
5 	10 	 
3.4075 	1.81 	 
4.5625 	7.75 	 
5 	10 	 
1.69 	-0.44 	 
0.0325 	-1.97 	 
3.25  	-2  	 
0  	1  	 
5 -1i 	10  	 
2.75 -0.3333i 	3  	 
6.7708  	39  	 
4.5139  	26  	 
2.6021  	6.245  	 
2.1246  	5.099  	 
0  	1  	 
3.25  	-2  	 
5 -1i 	10  	 
5 -1i 	10  	 
3.25  	-2  	 
0  	1  	 
3.25  	-2  	 
0  	1  	 
5 -1i 	10  	 
-1 	4 	-9 	16 	-25 	36 	-49 	 
64 	-81 	100 	-121 	144 	-169 	196 	 
-225 	256 	-289 	324 	-361 	400 	-441 	 
484 	-529 	576 	-625 	676 	-729 	784 	 
-841 	900 	-961 	1024 	-1089 	1156 	-1225 	 
1296 	-1369 	1444 	-1521 	1600 	-1681 	1764 	 
-1849 	1936 	-2025 	2116 	-2209 	2304 	-2401 	 
2500 	-2601 	2704 	-2809 	2916 	-3025 	3136 	 
-3249 	3364 	-3481 	3600 	-3721 	3844 	-3969 	 
-202.3333 	208.8889 	-215.6667 	222.6667 	-229.8889 	237.3333 	-245 	 
2816528.5 	3059149.6111 	3318128.5 	3594278.5 	3888439.6111 	4201478.5 	4534288.5 	 
2503580.8889 	2719244.0988 	2949447.5556 	3194914.2222 	3456390.7654 	3734647.5556 	4030478.6667 	 
1678.2516 	1749.0425 	1821.5731 	1895.8582 	1971.9127 	2049.7508 	2129.3869 	 
1582.2708 	1649.0131 	1717.3956 	1787.4323 	1859.1371 	1932.5236 	2007.6052 	 
-3249 	-2601 	-3481 	-2809 	-3721 	-3025 	-3969 	 
-1849 	-1369 	-2025 	-1521 	-2209 	-1681 	-2401 	 
-841 	-529 	-961 	-625 	-1089 	-729 	-1225 	 
-225 	-81 	-289 	-121 	-361 	-169 	-441 	 
-1 	4 	-9 	16 	-25 	36 	-49 	 
64 	256 	100 	324 	144 	400 	196 	 
484 	900 	576 	1024 	676 	1156 	784 	 
1296 	1936 	1444 	2116 	1600 	2304 	1764 	 
2500 	3364 	2704 	3600 	2916 	3844 	3136 	 
2500 	3364 	2704 	3600 	2916 	3844 	3136 	 
1296 	1936 	1444 	2116 	1600 	2304 	1764 	 
484 	900 	576 	1024 	676 	1156 	784 	 
64 	256 	100 	324 	144 	400 	196 	 
-1 	4 	-9 	16 	-25 	36 	-49 	 
-225 	-81 	-289 	-121 	-361 	-169 	-441 	 
-841 	-529 	-961 	-625 	-1089 	-729 	-1225 	 
-1849 	-1369 	-2025 	-1521 	-2209 	-1681 	-2401 	 
-3249 	-2601 	-3481 	-2809 	-3721 	-3025 	-3969 	 
-1 	4 	-9 	16 	-25 	36 	-49 	 
-3249 	-2601 	-3481 	-2809 	-3721 	-3025 	-3969 	 
2500 	3364 	2704 	3600 	2916 	3844 	3136 	 
-1546.6 	-1117 	-1705.8 	-1252.2 	-1873 	-1395.4 	-2048.2 	 
-202.6 	-72.5 	-261 	-107.3 	-327.4 	-148.5 	-401.8 	 
57.5 	230.8 	89.1 	293.2 	127.1 	363.6 	171.5 	 
1052.4 	1625.2 	1183.6 	1788.4 	1322.8 	1959.6 	1470 	 
-3249 	-2601 	-3481 	-2809 	-3721 	-3025 	-3969 	 
-1546.6 	-1117 	-1705.8 	-1252.2 	-1873 	-1395.4 	-2048.2 	 
2018.4 	2792.8 	2200 	3006.4 	2389.6 	3228 	2587.2 	 
16.55 	72.04 	20.43 	99.16 	20.63 	134.28 	17.15 	 
687 	1159 	793 	1297 	907 	1443 	1029 	 
2500 	3364 	2704 	3600 	2916 	3844 	3136 	 
-496.04 	-278.12 	-584.68 	-342.76 	-681.32 	-415.4 	-785.96 	 
-1818.76 	-1343.8 	-1993.08 	-1494.12 	-2175.4 	-1652.44 	-2365.72 	 
-0.0588 	0.2353 	-0.5294 	0.9412 	-1.4706 	2.1176 	-2.8824 	 
3.7647 	-4.7647 	5.8824 	-7.1176 	8.4706 	-9.9412 	11.5294 	 
-13.2353 	15.0588 	-17 	19.0588 	-21.2353 	23.5294 	-25.9412 	 
28.4706 	-31.1176 	33.8824 	-36.7647 	39.7647 	-42.8824 	46.1176 	 
-49.4706 	52.9412 	-56.5294 	60.2353 	-64.0588 	68 	-72.0588 	 
76.2353 	-80.5294 	84.9412 	-89.4706 	94.1176 	-98.8824 	103.7647 	 
-108.7647 	113.8824 	-119.1176 	124.4706 	-129.9412 	135.5294 	-141.2353 	 
147.0588 	-153 	159.0588 	-165.2353 	171.5294 	-177.9412 	184.4706 	 
-191.1176 	197.8824 	-204.7647 	211.7647 	-218.8824 	226.1176 	-233.4706 	 
-11.902 	12.2876 	-12.6863 	13.098 	-13.5229 	13.9608 	-14.4118 	 
9745.7734 	10585.2928 	11481.4135 	12436.9498 	13454.8083 	14537.9879 	15689.5796 	 
8662.9097 	9409.1491 	10205.7009 	11055.0665 	11959.8296 	12922.6559 	13946.293 	 
98.7207 	102.8849 	107.1514 	111.5211 	115.9949 	120.5736 	125.2581 	 
93.0748 	97.0008 	101.0233 	105.1431 	109.361 	113.6779 	118.0944 	 
-191.1176 	-153 	-204.7647 	-165.2353 	-218.8824 	-177.9412 	-233.4706 	 
-108.7647 	-80.5294 	-119.1176 	-89.4706 	-129.9412 	-98.8824 	-141.2353 	 
-49.4706 	-31.1176 	-56.5294 	-36.7647 	-64.0588 	-42.8824 	-72.0588 	 
-13.2353 	-4.7647 	-17 	-7.1176 	-21.2353 	-9.9412 	-25.9412 	 
-0.0588 	0.2353 	-0.5294 	0.9412 	-1.4706 	2.1176 	-2.8824 	 
3.7647 	15.0588 	5.8824 	19.0588 	8.4706 	23.5294 	11.5294 	 
28.4706 	52.9412 	33.8824 	60.2353 	39.7647 	68 	46.1176 	 
76.2353 	113.8824 	84.9412 	124.4706 	94.1176 	135.5294 	103.7647 	 
147.0588 	197.8824 	159.0588 	211.7647 	171.5294 	226.1176 	184.4706 	 
147.0588 	197.8824 	159.0588 	211.7647 	171.5294 	226.1176 	184.4706 	 
76.2353 	113.8824 	84.9412 	124.4706 	94.1176 	135.5294 	103.7647 	 
28.4706 	52.9412 	33.8824 	60.2353 	39.7647 	68 	46.1176 	 
3.7647 	15.0588 	5.8824 	19.0588 	8.4706 	23.5294 	11.5294 	 
-0.0588 	0.2353 	-0.5294 	0.9412 	-1.4706 	2.1176 	-2.8824 	 
-13.2353 	-4.7647 	-17 	-7.1176 	-21.2353 	-9.9412 	-25.9412 	 
-49.4706 	-31.1176 	-56.5294 	-36.7647 	-64.0588 	-42.8824 	-72.0588 	 
-108.7647 	-80.5294 	-119.1176 	-89.4706 	-129.9412 	-98.8824 	-141.2353 	 
-191.1176 	-153 	-204.7647 	-165.2353 	-218.8824 	-177.9412 	-233.4706 	 
-0.0588 	0.2353 	-0.5294 	0.9412 	-1.4706 	2.1176 	-2.8824 	 
-191.1176 	-153 	-204.7647 	-165.2353 	-218.8824 	-177.9412 	-233.4706 	 
147.0588 	197.8824 	159.0588 	211.7647 	171.5294 	226.1176 	184.4706 	 
-90.9765 	-65.7059 	-100.3412 	-73.6588 	-110.1765 	-82.0824 	-120.4824 	 
-11.9176 	-4.2647 	-15.3529 	-6.3118 	-19.2588 	-8.7353 	-23.6353 	 
3.3824 	13.5765 	5.2412 	17.2471 	7.4765 	21.3882 	10.0882 	 
61.9059 	95.6 	69.6235 	105.2 	77.8118 	115.2706 	86.4706 	 
-191.1176 	-153 	-204.7647 	-165.2353 	-218.8824 	-177.9412 	-233.4706 	 
-90.9765 	-65.7059 	-100.3412 	-73.6588 	-110.1765 	-82.0824 	-120.4824 	 
118.7294 	164.2824 	129.4118 	176.8471 	140.5647 	189.8824 	152.1882 	 
0.9735 	4.2376 	1.2018 	5.8329 	1.2135 	7.8988 	1.0088 	 
40.4118 	68.1765 	46.6471 	76.2941 	53.3529 	84.8824 	60.5294 	 
147.0588 	197.8824 	159.0588 	211.7647 	171.5294 	226.1176 	184.4706 	 
-29.1788 	-16.36 	-34.3929 	-20.1624 	-40.0776 	-24.4353 	-46.2329 	 
-106.9859 	-79.0471 	-117.24 	-87.8894 	-127.9647 	-97.2024 	-139.16 	 
-1 +0.0588i 	2 +0.1176i 	-3 +0.1765i 	4 +0.2353i 	-5 +0.2941i 	6 +0.3529i 	-7 +0.4118i 	 
8 +0.4706i 	-9 +0.5294i 	10 +0.5882i 	-11 +0.6471i 	12 +0.7059i 	-13 +0.7647i 	14 +0.8235i 	 
-15 +0.8824i 	16 +0.9412i 	-17 +1i 	18 +1.0588i 	-19 +1.1176i 	20 +1.1765i 	-21 +1.2353i 	 
22 +1.2941i 	-23 +1.3529i 	24 +1.4118i 	-25 +1.4706i 	26 +1.5294i 	-27 +1.5882i 	28 +1.6471i 	 
-29 +1.7059i 	30 +1.7647i 	-31 +1.8235i 	32 +1.8824i 	-33 +1.9412i 	34 +2i 	-35 +2.0588i 	 
36 +2.1176i 	-37 +2.1765i 	38 +2.2353i 	-39 +2.2941i 	40 +2.3529i 	-41 +2.4118i 	42 +2.4706i 	 
-43 +2.5294i 	44 +2.5882i 	-45 +2.6471i 	46 +2.7059i 	-47 +2.7647i 	48 +2.8235i 	-49 +2.8824i 	 
50 +2.9412i 	-51 +3i 	52 +3.0588i 	-53 +3.1176i 	54 +3.1765i 	-55 +3.2353i 	56 +3.2941i 	 
-57 +3.3529i 	58 +3.4118i 	-59 +3.4706i 	60 +3.5294i 	-61 +3.5882i 	62 +3.6471i 	-63 +3.7059i 	 
-3.2222 +1.7059i 	3.3333 +1.7647i 	-3.4444 +1.8235i 	3.5556 +1.8824i 	-3.6667 +1.9412i 	3.7778 +2i 	-3.8889 +2.0588i 	 
1303.2161  	1368.7716  	1436.5494  	1506.5494  	1578.7716  	1653.2161  	1729.8827  	 
1158.4143  	1216.6859  	1276.9328  	1339.155  	1403.3526  	1469.5254  	1537.6735  	 
36.1001  	36.9969  	37.9018  	38.8143  	39.7338  	40.6598  	41.5919  	 
34.0355  	34.881  	35.7342  	36.5945  	37.4613  	38.3344  	39.2132  	 
-1 +0.0588i 	2 +0.1176i 	-3 +0.1765i 	4 +0.2353i 	-5 +0.2941i 	6 +0.3529i 	-7 +0.4118i 	 
8 +0.4706i 	-9 +0.5294i 	10 +0.5882i 	-11 +0.6471i 	12 +0.7059i 	-13 +0.7647i 	14 +0.8235i 	 
-15 +0.8824i 	16 +0.9412i 	-17 +1i 	18 +1.0588i 	-19 +1.1176i 	20 +1.1765i 	-21 +1.2353i 	 
22 +1.2941i 	-23 +1.3529i 	24 +1.4118i 	-25 +1.4706i 	26 +1.5294i 	-27 +1.5882i 	28 +1.6471i 	 
-29 +1.7059i 	30 +1.7647i 	-31 +1.8235i 	32 +1.8824i 	-33 +1.9412i 	34 +2i 	-35 +2.0588i 	 
36 +2.1176i 	-37 +2.1765i 	38 +2.2353i 	-39 +2.2941i 	40 +2.3529i 	-41 +2.4118i 	42 +2.4706i 	 
-43 +2.5294i 	44 +2.5882i 	-45 +2.6471i 	46 +2.7059i 	-47 +2.7647i 	48 +2.8235i 	-49 +2.8824i 	 
50 +2.9412i 	-51 +3i 	52 +3.0588i 	-53 +3.1176i 	54 +3.1765i 	-55 +3.2353i 	56 +3.2941i 	 
-57 +3.3529i 	58 +3.4118i 	-59 +3.4706i 	60 +3.5294i 	-61 +3.5882i 	62 +3.6471i 	-63 +3.7059i 	 
-57 +3.3529i 	58 +3.4118i 	-59 +3.4706i 	60 +3.5294i 	-61 +3.5882i 	62 +3.6471i 	-63 +3.7059i 	 
50 +2.9412i 	-51 +3i 	52 +3.0588i 	-53 +3.1176i 	54 +3.1765i 	-55 +3.2353i 	56 +3.2941i 	 
-43 +2.5294i 	44 +2.5882i 	-45 +2.6471i 	46 +2.7059i 	-47 +2.7647i 	48 +2.8235i 	-49 +2.8824i 	 
36 +2.1176i 	-37 +2.1765i 	38 +2.2353i 	-39 +2.2941i 	40 +2.3529i 	-41 +2.4118i 	42 +2.4706i 	 
-29 +1.7059i 	30 +1.7647i 	-31 +1.8235i 	32 +1.8824i 	-33 +1.9412i 	34 +2i 	-35 +2.0588i 	 
22 +1.2941i 	-23 +1.3529i 	24 +1.4118i 	-25 +1.4706i 	26 +1.5294i 	-27 +1.5882i 	28 +1.6471i 	 
-15 +0.8824i 	16 +0.9412i 	-17 +1i 	18 +1.0588i 	-19 +1.1176i 	20 +1.1765i 	-21 +1.2353i 	 
8 +0.4706i 	-9 +0.5294i 	10 +0.5882i 	-11 +0.6471i 	12 +0.7059i 	-13 +0.7647i 	14 +0.8235i 	 
-1 +0.0588i 	2 +0.1176i 	-3 +0.1765i 	4 +0.2353i 	-5 +0.2941i 	6 +0.3529i 	-7 +0.4118i 	 
-29 +1.7059i 	30 +1.7647i 	-31 +1.8235i 	32 +1.8824i 	-33 +1.9412i 	34 +2i 	-35 +2.0588i 	 
-1 +0.0588i 	2 +0.1176i 	-3 +0.1765i 	4 +0.2353i 	-5 +0.2941i 	6 +0.3529i 	-7 +0.4118i 	 
-57 +3.3529i 	58 +3.4118i 	-59 +3.4706i 	60 +3.5294i 	-61 +3.5882i 	62 +3.6471i 	-63 +3.7059i 	 
1 	 
1.5 	 
2.5 	 
3.5 	 
4.5 	 
5.5 	 
6.5 	 
7.5 	 
8.5 	 
9.5 	 
10.5 	 
11.5 	 
12.5 	 
13.5 	 
14.5 	 
15.5 	 
16.5 	 
17.5 	 
18.5 	 
19.5 	 
20.5 	 
21.5 	 
22.5 	 
23.5 	 
24.5 	 
25.5 	 
26.5 	 
27.5 	 
28.5 	 
29.5 	 
30.5 	 
31.5 	 
32.5 	 
33.5 	 
34.5 	 
35.5 	 
36.5 	 
37.5 	 
38.5 	 
39.5 	 
40.5 	 
41.5 	 
42.5 	 
43.5 	 
44.5 	 
45.5 	 
46.5 	 
47.5 	 
48.5 	 
49.5 	 
50.5 	 
51.5 	 
52.5 	 
53.5 	 
54.5 	 
55.5 	 
56.5 	 
57.5 	 
58.5 	 
59.5 	 
60.5 	 
61.5 	 
62.5 	 
63.5 	 
64.5 	 
65.5 	 
66.5 	 
67.5 	 
68.5 	 
69.5 	 
70.5 	 
71.5 	 
72.5 	 
73.5 	 
74.5 	 
75.5 	 
76.5 	 
77.5 	 
78.5 	 
79.5 	 
80.5 	 
81.5 	 
82.5 	 
83.5 	 
84.5 	 
85.5 	 
86.5 	 
87.5 	 
88.5 	 
89.5 	 
90.5 	 
91.5 	 
92.5 	 
93.5 	 
94.5 	 
95.5 	 
96.5 	 
97.5 	 
98.5 	 
99.5 	 
100 	 
0.0588 	 
6.5494 	 
24.9282 	 
55.1659 	 
97.2624 	 
151.2176 	 
217.0318 	 
294.7047 	 
384.2365 	 
485.6271 	 
598.8765 	 
723.9847 	 
860.9518 	 
1009.78 	 
1170.4694 	 
1343.0176 	 
1527.4247 	 
1723.6906 	 
1931.8153 	 
2151.7988 	 
2383.6412 	 
2627.3424 	 
2882.9024 	 
3150.3212 	 
3429.5988 	 
3720.7353 	 
4023.7306 	 
4338.5847 	 
4665.2976 	 
5003.8694 	 
5354.3 	 
5716.5894 	 
6090.7376 	 
6476.7447 	 
6874.6106 	 
7284.3353 	 
7705.9188 	 
8139.3612 	 
8584.6647 	 
9041.8294 	 
9510.8529 	 
9991.7353 	 
10484.4765 	 
10989.0765 	 
11505.5353 	 
12033.8529 	 
12574.0294 	 
13126.0647 	 
13689.9588 	 
14265.7118 	 
14853.3235 	 
15452.7941 	 
16064.1235 	 
16687.3118 	 
17322.3588 	 
17969.2647 	 
18628.0294 	 
19298.6529 	 
19981.1353 	 
20675.4765 	 
21381.6765 	 
22099.7353 	 
22829.6529 	 
23571.4318 	 
24325.0718 	 
25090.5706 	 
25867.9282 	 
26657.1447 	 
27458.22 	 
28271.1541 	 
29095.9471 	 
29932.5988 	 
30781.1094 	 
31641.4788 	 
32513.7071 	 
33397.7941 	 
34293.74 	 
35201.5447 	 
36121.2082 	 
37052.7306 	 
37996.1118 	 
38951.3518 	 
39918.4506 	 
40897.4082 	 
41888.2247 	 
42890.9 	 
43905.4341 	 
44931.8271 	 
45970.0812 	 
47020.1965 	 
48082.1706 	 
49156.0035 	 
50241.6953 	 
51339.2459 	 
52448.6553 	 
53569.9235 	 
54703.0506 	 
55848.0365 	 
57004.8812 	 
58173.5847 	 
59295.0588 	 
