3 	-5 	0 	1 	 
3 
0 
3 	 
0 	 
0 	 
0 	 
0 	 
0 	 
0 	 
3 	 
0 	 
0 	 
0 	 
3 	 
0 	 
0 	 
0 	 
0 	 
0 	 
0 	 
0 	 
0 	 
0 	 
3.25 	-2 	0 	10.1 	 
0 
0 
0 	 
32767 	 
797882160 	 
0 	 
0 	 
797882160 	 
32767 	 
0 	 
32767 	 
32767 	 
32767 	 
0 	 
32767 	 
32767 	 
797882160 	 
797882160 	 
797882160 	 
0 	 
0 	 
0 	 
0 	 
3.25 +0i 	-2 +0i 	0 +0i 	1 -1i 	 
678586208 
678586208 
3.25 +0i 	 
0 +0i 	 
0 + infi	 
0 +0i 	 
0 +0i 	 
0 + infi	 
0 +0i 	 
3.25 +0i 	 
0 +0i 	 
0 +0i 	 
0 +0i 	 
3.25 +0i 	 
0 +0i 	 
0 +0i 	 
0 + infi	 
0 + infi	 
0 + infi	 
0 +0i 	 
0 +0i 	 
0 +0i 	 
0 +0i 	 
3 	 
-5 	 
0 	 
1 	 
3 
0 
3 	 
32767 	 
797882160 	 
0 	 
0 	 
797882160 	 
32767 	 
3 	 
32767 	 
32767 	 
32767 	 
3 	 
32767 	 
32767 	 
797882160 	 
797882160 	 
797882160 	 
0 	 
0 	 
0 	 
0 	 
3.25 	 
-2 	 
0 	 
10.1 	 
0 
0 
0 	 
32767 	 
797882160 	 
0 	 
0 	 
797882160 	 
32767 	 
0 	 
32767 	 
32767 	 
32767 	 
0 	 
32767 	 
32767 	 
797882160 	 
797882160 	 
797882160 	 
0 	 
0 	 
0 	 
0 	 
3.25 +0i 	 
-2 +0i 	 
0 +0i 	 
1 -1i 	 
678586208 
678586208 
3.25 +0i 	 
0 +0i 	 
0 + infi	 
0 +0i 	 
0 +0i 	 
0 + infi	 
0 +0i 	 
3.25 +0i 	 
0 +0i 	 
0 +0i 	 
0 +0i 	 
3.25 +0i 	 
0 +0i 	 
0 +0i 	 
0 + infi	 
0 + infi	 
0 + infi	 
0 +0i 	 
0 +0i 	 
0 +0i 	 
0 +0i 	 
3 	-2 	0 	 
1 	5 	10 	 
3 
0 
3 	 
32767 	 
797882160 	 
0 	 
0 	 
797882160 	 
32767 	 
3 	 
32767 	 
32767 	 
32767 	 
3 	 
32767 	 
32767 	 
797882160 	 
797882160 	 
797882160 	 
0 	 
0 	 
0 	 
0 	 
3.25 	-2 	0 	 
1 	5 	10 	 
0 
0 
0 	 
32767 	 
797882160 	 
0 	 
0 	 
797882160 	 
32767 	 
0 	 
32767 	 
32767 	 
32767 	 
0 	 
32767 	 
32767 	 
797882160 	 
797882160 	 
797882160 	 
0 	 
0 	 
0 	 
0 	 
3.25 +0i 	-2 +0i 	0 +0i 	 
1 +0i 	5 -1i 	10 +0i 	 
678586208 
678586208 
3.25 +0i 	 
0 +0i 	 
0 + infi	 
0 +0i 	 
0 +0i 	 
0 + infi	 
0 +0i 	 
3.25 +0i 	 
0 +0i 	 
0 +0i 	 
0 +0i 	 
3.25 +0i 	 
0 +0i 	 
0 +0i 	 
0 + infi	 
0 + infi	 
0 + infi	 
0 +0i 	 
0 +0i 	 
0 +0i 	 
0 +0i 	 
3 	-2 	 
0 	1 	 
5 	10 	 
3 
0 
3 	 
32767 	 
797882160 	 
0 	 
0 	 
797882160 	 
32767 	 
3 	 
32767 	 
32767 	 
32767 	 
3 	 
32767 	 
32767 	 
797882160 	 
797882160 	 
797882160 	 
0 	 
0 	 
0 	 
0 	 
3.25 	-2 	 
0 	1 	 
5 	10 	 
0 
0 
0 	 
32767 	 
797882160 	 
0 	 
0 	 
797882160 	 
32767 	 
0 	 
32767 	 
32767 	 
32767 	 
0 	 
32767 	 
32767 	 
797882160 	 
797882160 	 
797882160 	 
0 	 
0 	 
0 	 
0 	 
3.25 +0i 	-2 +0i 	 
0 +0i 	1 +0i 	 
5 -1i 	10 +0i 	 
678586208 
678586208 
3.25 +0i 	 
0 +0i 	 
0 + infi	 
0 +0i 	 
0 +0i 	 
0 + infi	 
0 +0i 	 
3.25 +0i 	 
0 +0i 	 
0 +0i 	 
0 +0i 	 
3.25 +0i 	 
0 +0i 	 
0 +0i 	 
0 + infi	 
0 + infi	 
0 + infi	 
0 +0i 	 
0 +0i 	 
0 +0i 	 
0 +0i 	 
-1 	4 	-9 	16 	-25 	36 	-49 	 
64 	-81 	100 	-121 	144 	-169 	196 	 
-225 	256 	-289 	324 	-361 	400 	-441 	 
484 	-529 	576 	-625 	676 	-729 	784 	 
-841 	900 	-961 	1024 	-1089 	1156 	-1225 	 
1296 	-1369 	1444 	-1521 	1600 	-1681 	1764 	 
-1849 	1936 	-2025 	2116 	-2209 	2304 	-2401 	 
2500 	-2601 	2704 	-2809 	2916 	-3025 	3136 	 
-3249 	3364 	-3481 	3600 	-3721 	3844 	-3969 	 
-1 
576 
-1 	 
2500 	 
-1369 	 
576 	 
576 	 
-1369 	 
2500 	 
-1 	 
2500 	 
2500 	 
2500 	 
-1 	 
2500 	 
2500 	 
-1369 	 
-1369 	 
-1369 	 
576 	 
576 	 
576 	 
576 	 
0 	0 	0 	0 	-1 	2 	-2 	 
3 	-4 	5 	-7 	8 	-9 	11 	 
-13 	15 	-17 	19 	-21 	23 	-25 	 
28 	-31 	33 	-36 	39 	-42 	46 	 
-49 	52 	-56 	60 	-64 	68 	-72 	 
76 	-80 	84 	-89 	94 	-98 	103 	 
-108 	113 	-119 	124 	-129 	135 	-141 	 
147 	-153 	159 	-165 	171 	-177 	184 	 
-191 	197 	-204 	211 	-218 	226 	-233 	 
0 
33 
0 	 
147 	 
-80 	 
33 	 
33 	 
-80 	 
147 	 
0 	 
147 	 
147 	 
147 	 
0 	 
147 	 
147 	 
-80 	 
-80 	 
-80 	 
33 	 
33 	 
33 	 
33 	 
-1 +0i 	2 +0i 	-3 +0i 	4 +0i 	-5 +0i 	6 +0i 	-7 +0i 	 
8 +0i 	-9 +0i 	10 +0i 	-11 +0i 	12 +0i 	-13 +0i 	14 +0i 	 
-15 +0i 	16 +0i 	-17 -1i 	18 -1i 	-19 -1i 	20 -1i 	-21 -1i 	 
22 -1i 	-23 -1i 	24 -1i 	-25 -1i 	26 -1i 	-27 -1i 	28 -1i 	 
-29 -1i 	30 -1i 	-31 -1i 	32 -1i 	-33 -1i 	34 -2i 	-35 -2i 	 
36 -2i 	-37 -2i 	38 -2i 	-39 -2i 	40 -2i 	-41 -2i 	42 -2i 	 
-43 -2i 	44 -2i 	-45 -2i 	46 -2i 	-47 -2i 	48 -2i 	-49 -2i 	 
50 -2i 	-51 -3i 	52 -3i 	-53 -3i 	54 -3i 	-55 -3i 	56 -3i 	 
-57 -3i 	58 -3i 	-59 -3i 	60 -3i 	-61 -3i 	62 -3i 	-63 -3i 	 
678586208 
678586208 
-1 +0i 	 
50 -2i 	 
-37 -2i 	 
24 -1i 	 
24 -1i 	 
-37 -2i 	 
50 -2i 	 
-1 +0i 	 
50 -2i 	 
50 -2i 	 
50 -2i 	 
-1 +0i 	 
50 -2i 	 
50 -2i 	 
-37 -2i 	 
-37 -2i 	 
-37 -2i 	 
24 -1i 	 
24 -1i 	 
24 -1i 	 
24 -1i 	 
