0.5 	1.5 	4.5 	 
9.5 	16.5 	25.5 	 
36.5 	49.5 	64.5 	 
81.5 	100.5 	121.5 	 
144.5 	169.5 	196.5 	 
225.5 	256.5 	289.5 	 
324.5 	361.5 	400.5 	 
441.5 	484.5 	529.5 	 
576.5 	625.5 	676.5 	 
729.5 	784.5 	841.5 	 
0.5 
1.5 
4.5 
9.5 
16.5 
25.5 
36.5 
49.5 
64.5 
81.5 
100.5 
121.5 
144.5 
169.5 
196.5 
225.5 
256.5 
289.5 
324.5 
361.5 
400.5 
441.5 
484.5 
529.5 
576.5 
625.5 
676.5 
729.5 
784.5 
841.5 
0.5 
9.5 
1.5 
16.5 
4.5 
25.5 
36.5 
81.5 
49.5 
100.5 
64.5 
121.5 
144.5 
225.5 
169.5 
256.5 
196.5 
289.5 
324.5 
441.5 
361.5 
484.5 
400.5 
529.5 
576.5 
729.5 
625.5 
784.5 
676.5 
841.5 
0.5 
9.5 
1.5 
16.5 
4.5 
25.5 
36.5 
81.5 
49.5 
100.5 
64.5 
121.5 
144.5 
225.5 
169.5 
256.5 
196.5 
289.5 
324.5 
441.5 
361.5 
484.5 
400.5 
529.5 
576.5 
729.5 
625.5 
784.5 
676.5 
841.5 
0.5 	4.5 	16.5 	 
1.5 	9.5 	25.5 	 
36.5 	64.5 	100.5 	 
49.5 	81.5 	121.5 	 
144.5 	196.5 	256.5 	 
169.5 	225.5 	289.5 	 
324.5 	400.5 	484.5 	 
361.5 	441.5 	529.5 	 
576.5 	676.5 	784.5 	 
625.5 	729.5 	841.5 	 
0.5 
4.5 
16.5 
1.5 
9.5 
25.5 
36.5 
64.5 
100.5 
49.5 
81.5 
121.5 
144.5 
196.5 
256.5 
169.5 
225.5 
289.5 
324.5 
400.5 
484.5 
361.5 
441.5 
529.5 
576.5 
676.5 
784.5 
625.5 
729.5 
841.5 
0.5 
1.5 
4.5 
9.5 
16.5 
25.5 
36.5 
49.5 
64.5 
81.5 
100.5 
121.5 
144.5 
169.5 
196.5 
225.5 
256.5 
289.5 
324.5 
361.5 
400.5 
441.5 
484.5 
529.5 
576.5 
625.5 
676.5 
729.5 
784.5 
841.5 
0.5 
1.5 
4.5 
9.5 
16.5 
25.5 
36.5 
49.5 
64.5 
81.5 
100.5 
121.5 
144.5 
169.5 
196.5 
225.5 
256.5 
289.5 
324.5 
361.5 
400.5 
441.5 
484.5 
529.5 
576.5 
625.5 
676.5 
729.5 
784.5 
841.5 
