 
0 
0 
0 
0 
0 
0 
0 
0 
0 
-0.523599 
0 
-0.523599 
0 
0 
0 
0 
0 
0.314159 
0 
0.314159 
0 
0.523599 
0 
0.523599 
0 
0.673198 
0 
0.673198 
0 
0.785398 
0 
0.785398 
0 
0.698132 
0 
0.698132 
0 
0.628319 
0 
0.628319 
0 
0.571199 
0 
0.571199 
0 
0.523599 
0 
0.523599 
0 
0.483322 
0 
0.483322 
0 
0.448799 
0 
0.448799 
0 
0.418879 
0 
0.418879 
0 
0.392699 
0 
0.392699 
0 
0.369599 
0 
0.369599 
0 
0.349066 
0 
0.349066 
0 
0.330694 
0 
0.330694 
0 
0.314159 
0 
0.314159 
0 
0.299199 
0 
0.299199 
0 
0.285599 
0 
0.285599 
0 
0.273182 
0 
0.273182 
0 
0.261799 
0 
0.261799 
0 
0.251327 
0 
0.251327 
0 
0.241661 
0 
0.241661 
0 
0.232711 
0 
0.232711 
0 
0.224399 
0 
0.224399 
0 
0.216662 
0 
0.216662 
0 
0.20944 
0 
0.20944 
0 
0.202683 
0 
0.202683 
0 
0.19635 
0 
0.19635 
0 
0.1904 
0 
0.1904 
0 
0.1848 
0 
0.1848 
0 
0.17952 
0 
0.17952 
0 
0.174533 
0 
0.174533 
0 
0.169816 
0 
0.169816 
0 
0.165347 
0 
0.165347 
0 
0.161107 
0 
0.161107 
0 
0.15708 
0 
0.15708 
0 
0.153248 
0 
0.153248 
0 
0.1496 
0 
0.1496 
0 
0.146121 
0 
0.146121 
0 
0.1428 
0 
0.1428 
0 
0.139626 
0 
0.139626 
0 
0.136591 
0 
0.136591 
0 
0.133685 
0 
0.133685 
0 
0.1309 
0 
0.1309 
0 
0.128228 
0 
0.128228 
0 
0.125664 
0 
0.125664 
0 
0.1232 
0 
0.1232 
0 
0.12083 
0 
0.12083 
0 
0.118551 
0 
0.118551 
0 
0.116355 
0 
0.116355 
0 
0.11424 
0 
0.11424 
0 
0.1122 
0 
0.1122 
0 
0.110231 
0 
0.110231 
0 
0.108331 
0 
0.108331 
0 
0.106495 
0 
0.106495 
0 
0.10472 
0 
0.10472 
0 
0.103003 
0 
0.103003 
0 
0.101342 
0 
0.101342 
0 
0.099733 
0 
0.099733 
0 
0.098175 
0 
0.098175 
0 
0.096664 
0 
0.096664 
0 
0.0952 
0 
0.0952 
0 
0.093779 
0 
0.093779 
0 
0.0924 
0 
0.0924 
0 
0.091061 
0 
0.091061 
0 
0.08976 
0 
0.08976 
0 
0.088496 
0 
0.088496 
0 
0.087266 
0 
0.087266 
0 
0.086071 
0 
0.086071 
0 
0.084908 
0 
0.084908 
0 
0.083776 
0 
0.083776 
0 
0.082673 
0 
0.082673 
0 
0.0816 
0 
0.0816 
0 
0.080554 
0 
0.080554 
0 
0.079534 
0 
0.079534 
0 
0.07854 
0 
0.07854 
0 
0.07757 
0 
0.07757 
0 
0.076624 
0 
0.076624 
0 
0.075701 
0 
0.075701 
0 
0.0748 
0 
0.0748 
0 
0.07392 
0 
0.07392 
0 
0.07306 
0 
0.07306 
0 
0.072221 
0 
0.072221 
0 
0.0714 
0 
0.0714 
0 
0.070598 
0 
0.070598 
0 
0.069813 
0 
0.069813 
0 
0.069046 
0 
0.069046 
0 
0.068295 
0 
0.068295 
0 
0.067561 
0 
0.067561 
0 
0.066842 
0 
0.066842 
0 
0.066139 
0 
0.066139 
0 
0.06545 
0 
0.06545 
0 
0.064775 
0 
0.064775 
0 
0.064114 
0 
0.064114 
0 
0.063467 
0 
0.063467 
0 
0.062832 
0 
0.062832 
