Original 
0	0	0	 
0	0	0	 
0	0	0	 
Eigenvalues: 
0	0	0	 
0	0	0	 
0	0	0	 
Eigenvectors: 
1	0	0	 
0	1	0	 
0	0	1	 
Original 
2	0	0	 
0	2	0	 
0	0	2	 
Eigenvalues: 
2	0	0	 
0	2	0	 
0	0	2	 
Eigenvectors: 
1	0	0	 
0	1	0	 
0	0	1	 
Original 
1	0	0	 
0	1	0	 
0	0	1	 
Eigenvalues: 
1	0	0	 
0	1	0	 
0	0	1	 
Eigenvectors: 
1	0	0	 
0	1	0	 
0	0	1	 
Original 
4.2 -0.03i	0 	0 	 
0 	4.2 -0.03i	0 	 
0 	0 	4.2 -0.03i	 
Eigenvalues: 
4.2 -0.03i	0 	0 	 
0 	4.2 -0.03i	0 	 
0 	0 	4.2 -0.03i	 
Eigenvectors: 
1	0	0	 
0	1	0	 
0	0	1	 
Original 
1	4	9	 
16	25	36	 
49	64	81	 
Eigenvalues: 
112.9839	0	0	 
0	-6.288	0	 
0	0	0.304	 
Eigenvectors: 
-0.0876	-0.5624	0.5222	 
-0.3908	-0.4838	-0.7936	 
-0.9163	0.6705	0.3123	 
Original 
1.5	4.5	9.5	 
16.5	25.5	36.5	 
49.5	64.5	81.5	 
Eigenvalues: 
114.2598	0	0	 
0	-6.0711	0	 
0	0	0.3114	 
Eigenvectors: 
-0.0928	-0.5545	0.5248	 
-0.3934	-0.4888	-0.7928	 
-0.9147	0.6735	0.3099	 
Original 
1 +0.5i	4 +0.5i	9 +0.5i	 
16 +0.5i	25 +0.5i	36 +0.5i	 
49 +0.5i	64 +0.5i	81 +0.5i	 
Eigenvalues: 
112.9815 +1.2735i	0 	0 	 
0 	-6.2854 +0.2194i	0 	 
0 	0 	0.3039 +0.0072i	 
Eigenvectors: 
0.0876 +0.0053i	-0.5625 +0.0103i	-0.5221 -0.0031i	 
0.3908 +0.0032i	-0.4837 -0.0027i	0.7936 	 
0.9163 	0.6705 	-0.3124 +0.0021i	 
Original 
-4	-6	-6	 
-4	0	6	 
14	24	36	 
Eigenvalues: 
-6.7189	0	0	 
0	0.8489	0	 
0	0	37.87	 
Eigenvectors: 
0.4102	0.5869	-0.1638	 
0.7311	-0.7582	0.1712	 
-0.5452	0.284	0.9715	 
Original 
-6.7	-11.9	-15.1	 
-16.3	-15.5	-12.7	 
-7.9	-1.1	7.7	 
Eigenvalues: 
-28.5677	0	0	 
0	0.5597	0	 
0	0	13.5079	 
Eigenvectors: 
0.548	0.4685	-0.5902	 
0.8239	-0.7893	-0.0216	 
0.1444	0.3968	0.8069	 
Original 
-4.89 +1.5i	-7.78 +1i	-8.67 +0.5i	 
-7.56 	-4.45 -0.5i	0.66 -1i	 
7.77 -1.5i	16.88 -2i	27.99 -2.5i	 
Eigenvalues: 
-9.3866 +1.0516i	0 	0 	 
0 	0.8174 +0.1754i	0 	 
0 	0 	27.2192 -2.727i	 
Eigenvectors: 
0.464 -0.0949i	-0.5606 -0.0267i	-0.277 -0.0138i	 
0.7619 	0.7657 	0.0875 -0.0208i	 
-0.4403 +0.0373i	-0.3141 +0.0021i	0.9565 	 
Original 
3	-2	0	 
4	-1	0	 
0	0	1	 
Eigenvalues: 
1 +2i	0 	0 	 
0 	1 -2i	0 	 
0 	0 	1 	 
Eigenvectors: 
0.4082 +0.4082i	0.4082 -0.4082i	0 	 
0.8165 	0.8165 	0 	 
0 	0 	1 	 
Original 
11.25	-7.525	-1.45	 
11	-6.9	-2.2	 
5.5	-5.45	2.9	 
Eigenvalues: 
3	0	0	 
0	0.25	0	 
0	0	4	 
Eigenvectors: 
0.6667	-0.5571	0.1961	 
0.6667	-0.7428	0	 
0.3333	-0.3714	0.9806	 
Original 
-1	4	-9	 
16	-25	36	 
-49	64	-81	 
Eigenvalues: 
-112.9839	0	0	 
0	6.288	0	 
0	0	-0.304	 
Eigenvectors: 
0.0876	-0.5624	0.5222	 
-0.3908	0.4838	0.7936	 
0.9163	0.6705	0.3123	 
Original 
1	1	0	 
0	1	0	 
0	0	0	 
Eigenvalues: 
1	0	0	 
0	1	0	 
0	0	0	 
Eigenvectors: 
1	-1	0	 
0	0	0	 
0	0	1	 
